S 0 stage
P 100 367
M 6 296 617
M 6 168 489
M 6 424 361
M 6 680 489
M 6 488 169
M 6 680 41
M 6 936 169
M 6 872 361
M 6 1064 617
M 6 1192 361
M 6 1192 41
M 6 296 105
C 0 ClearSite 0
end
S 1 stage
P 100 367
M 2 856 88
M 2 856 600
M 6 1064 681
M 6 936 489
M 6 936 233
M 6 1064 105
M 6 552 617
M 6 552 41
M 6 616 361
M 6 680 489
M 6 680 169
M 6 232 361
M 5 1112 219
B 1 0 0 1280 64
B 1 0 0 64 800
B 1 1184 0 96 800
B 1 0 704 1280 64
C 0 null 0
end
S 2 stage
P 100 367
M 2 664 536
M 2 664 152
M 2 920 216
M 2 920 472
M 6 424 617
M 6 552 489
M 6 808 617
M 6 744 361
M 6 424 297
M 6 552 169
M 6 424 41
M 6 808 105
M 6 1064 41
M 6 1128 169
M 6 1192 297
M 6 1192 553
M 6 1064 617
M 5 1112 475
B 1 0 0 1280 64
B 1 0 0 64 800
B 1 1184 0 96 800
B 1 0 704 1280 64
C 0 null 0
end
S 3 stage
P 100 367
M 6 744 617
M 6 808 489
M 6 872 553
M 6 1064 425
M 6 1064 553
M 6 872 297
M 6 680 425
M 6 552 105
M 6 424 361
M 6 744 169
M 6 552 361
M 6 488 553
M 6 1192 105
M 6 936 105
M 6 1064 297
B 1 0 0 1280 64
B 1 0 0 64 800
B 1 1184 0 96 800
B 1 0 704 1280 64
C 0 null 0
end
S 4 stage
P 100 367
M 6 1000 361
M 6 808 169
M 6 616 233
M 6 680 425
M 6 680 553
M 6 872 425
M 6 872 233
M 6 1128 105
M 6 1192 361
M 6 1128 553
M 6 936 553
M 6 424 425
M 6 296 169
M 6 488 41
M 6 744 41
M 6 360 617
B 1 0 0 1280 64
B 1 0 0 64 800
B 1 1184 0 96 800
B 1 0 704 1280 64
C 1 ClearSite 0
end
